a 86 86.0 86.0
a 134 134.0 134.0
a 97 97.0 97.0
a 266 266.0 266.0
a 300 300.0 300.0
a 10 10.0 10.0
a 191 191.0 191.0
a 209 209.0 209.0
a 237 237.0 237.0
a 24 24.0 24.0
a 1 1.0 1.0
a 6 6.0 6.0
a 166 166.0 166.0
a 226 226.0 226.0
a 284 284.0 284.0
a 166 166.0 166.0
a 244 244.0 244.0
a 247 247.0 247.0
a 65 65.0 65.0
a 259 259.0 259.0
a 212 212.0 212.0
a 46 46.0 46.0
a 53 53.0 53.0
a 71 71.0 71.0
a 155 155.0 155.0
a 290 290.0 290.0
a 300 300.0 300.0
a 83 83.0 83.0
a 130 130.0 130.0
a 146 146.0 146.0
a 88 88.0 88.0
a 78 78.0 78.0
a 278 278.0 278.0
a 292 292.0 292.0
a 223 223.0 223.0
a 252 252.0 252.0
a 219 219.0 219.0
a 235 235.0 235.0
a 56 56.0 56.0
a 6 6.0 6.0
a 44 44.0 44.0
a 278 278.0 278.0
a 101 101.0 101.0
a 255 255.0 255.0
a 14 14.0 14.0
a 46 46.0 46.0
a 209 209.0 209.0
a 213 213.0 213.0
a 131 131.0 131.0
