a 2149 13.674031101103905 0.6427591012305209
a 8680 1.7885138284165714 0.2613502552893653
a 8656 4.471698292177488 0.804054653526094
a 6906 11.611037337457129 0.12574081866632758
a 838 14.611528138894588 0.7413284878107029
a 3558 15.812633727088837 0.28267066476334546
a 5928 17.602031768897902 0.15367835047760992
a 2183 17.235681563186525 0.5931405179870091
a 3461 8.582866594085017 0.10266337761098154
a 6710 16.663996785489527 0.5850869483368194
a 9519 8.357885678792094 0.6825840067447708
a 167 17.521774891229448 0.8156631424272983
a 5063 6.905083546388367 0.8426999673625315
a 8373 1.36772453822245 0.05194268233985533
a 541 11.65742098333804 0.17279465323630394
a 4341 17.78328672917631 0.3975035104294463
a 9646 5.682535416825729 0.7608660675868782
a 4999 14.19499575686542 0.8576568299190088
a 6483 10.696530514060951 0.8244111650034603
a 9563 9.807127805100919 0.15671525363793992
a 3680 6.147621465422666 0.5584183019414868
a 6990 16.39207565235062 0.21536097425006084
a 6940 1.0 1.0
