a 6394 15.557346414584057 0.8723714218632871
a 7468 12.17175819811099 0.08133835623252073
a 4065 16.916578907534564 0.979756711139739
a 1595 5.9557410736691185 0.8478772441408285
a 4929 11.293076990515601 0.9533765973476224
a 4012 19.614850936572704 0.9197457491526613
a 650 18.060300131376334 0.3585847179185435
a 9053 11.491235980487485 0.5689405269933951
a 83 5.782565519677727 0.683557328229893
a 8529 19.30537106598305 0.03295787759884106
a 537 8.04833640088395 0.9264225417723024
a 8930 1.34148539625641 0.890238802658164
a 1776 18.860364584924206 0.013419451117269054
a 8532 12.981611593475723 0.3641737806542693
a 3977 7.93927972810085 0.958068225255029
a 7523 16.790788905631388 0.982620844232492
a 8444 17.723548813526687 0.22061333796356253
a 3715 4.235221238437774 0.5493741848308143
a 3800 2.675005955052958 0.058050024339917905
a 7437 2.508230248969323 0.013793855781020103
a 6211 6.448403511147768 0.29695802844543817
a 9128 10.787458345285337 0.0014361790409938013
a 189 0.547519752006882 0.27854803998719724
a 3614 19.71802535112896 0.5700016413789708
a 1480 8.979895127556247 0.5087892687762459
a 2083 16.062571802451945 0.7721875166374234
a 2406 9.868005605277716 0.12865911277742903
a 2895 17.212310750767514 0.9488799713516355
a 7925 18.59862465889363 0.08210929902336506
a 1080 7.578058233328518 0.8735423501315218
a 2342 13.192187148880967 0.34199875397350377
a 38 3.8006931530431864 0.6464772784416541
a 1057 4.638612979942264 0.4172880640399399
a 5901 7.941998711925997 0.7380536608490581
a 3875 10.485382609052126 0.39780112145089386
a 8456 14.713683643719467 0.9582339685298125
a 111 1.6278395223531228 0.4056955322479947
a 7685 10.534062336242489 0.9286965383298513
a 4858 13.484007026013295 0.5051192114863505
a 9640 4.666099117656415 0.5245054785494244
a 2459 6.1933605410351085 0.8082937486055237
a 9100 2.602741702802931 0.6164092637315276
a 3464 15.32312973759372 0.11063513834603311
a 8176 16.742212259439455 0.5176048703159393
a 1325 1.599998353142924 0.748808076490305
a 3526 17.64257321096441 0.36896865090941355
a 6754 18.018802035190845 0.9808405837651148
a 5604 10.732734324398542 0.6759041391831354
a 6181 4.59422306749741 0.36844118967749073
a 2624 8.007643111701814 0.9532139740253361
d 2083
d 4012
